---
ciscoHsrpExtCapability: 1.3.6.1.4.1.9.7.10001
ciscoHsrpExtCapabilityV1R0: 1.3.6.1.4.1.9.7.10001.1
ciscoHsrpExtCapabilityV3R6CRS1: 1.3.6.1.4.1.9.7.10001.2

