---
ciscoHsrpCapability: 1.3.6.1.4.1.9.7.10000
ciscoHsrpCapabilityV12R0: 1.3.6.1.4.1.9.7.10000.1
ciscoHsrpCapabilityV3R6CRS1: 1.3.6.1.4.1.9.7.10000.2

