---
cpwMIB: 1.3.6.1.4.1.9.10.20000
cpwTCMIB: 1.3.6.1.4.1.9.10.20000.1

