---
ciscoWanATMPrefRouteMIB: 1.3.6.1.4.1.9.9.99996
ciscoWanATMPrefRouteMIBNotifs: 1.3.6.1.4.1.9.9.99996.0
ciscoWanATMPrefRouteMIBObjects: 1.3.6.1.4.1.9.9.99996.1
cwaPrefRouteConfTable: 1.3.6.1.4.1.9.9.99996.1.1
cwaPrefRouteConfEntry: 1.3.6.1.4.1.9.9.99996.1.1.1
cwaPrefRouteId: 1.3.6.1.4.1.9.9.99996.1.1.1.1
cwaPrefRouteNwElemCount: 1.3.6.1.4.1.9.9.99996.1.1.1.2
cwaPrefRouteRowStatus: 1.3.6.1.4.1.9.9.99996.1.1.1.3
cwaPrefRouteNwElemTable: 1.3.6.1.4.1.9.9.99996.1.2
cwaPrefRouteNwElemEntry: 1.3.6.1.4.1.9.9.99996.1.2.1
cwaPrefRouteNwElemPos: 1.3.6.1.4.1.9.9.99996.1.2.1.1
cwaPrefRouteNwElemNodeId: 1.3.6.1.4.1.9.9.99996.1.2.1.2
cwaPrefRouteNwElemPortId: 1.3.6.1.4.1.9.9.99996.1.2.1.3
cwaPrefRouteNwElemRowStatus: 1.3.6.1.4.1.9.9.99996.1.2.1.4
cwaPrefRouteConformance: 1.3.6.1.4.1.9.9.99996.2
cwaPrefRouteCompliances: 1.3.6.1.4.1.9.9.99996.2.1
cwaPrefMIBGroups: 1.3.6.1.4.1.9.9.99996.2.2

