---
ciscoIetfNatCapability: 1.3.6.1.4.1.9.7.99999
ciscoIetfNatCapabilityV12R02T: 1.3.6.1.4.1.9.7.99999.1

