---
ciscoMpoaExtMIB: 1.3.6.1.4.1.9.9.99999
ciscoMpoaExtMIBObjects: 1.3.6.1.4.1.9.9.99999.1
cMpcExtShortcutVCC: 1.3.6.1.4.1.9.9.99999.1.1
cMpcExtShortcutVCCTable: 1.3.6.1.4.1.9.9.99999.1.1.1
cMpcExtShortcutVCCEntry: 1.3.6.1.4.1.9.9.99999.1.1.1.1
cmpcSCVpi: 1.3.6.1.4.1.9.9.99999.1.1.1.1.1
cmpcSCVci: 1.3.6.1.4.1.9.9.99999.1.1.1.1.2
cmpcDestAtmAddr: 1.3.6.1.4.1.9.9.99999.1.1.1.1.3
cMpcInterface: 1.3.6.1.4.1.9.9.99999.1.2
cMpcInterfaceMappingTable: 1.3.6.1.4.1.9.9.99999.1.2.1
cMpcInterfaceMappingEntry: 1.3.6.1.4.1.9.9.99999.1.2.1.1
cMpcInterfaceMappingIndex: 1.3.6.1.4.1.9.9.99999.1.2.1.1.1
cMpcInterfaceMappingRowStatus: 1.3.6.1.4.1.9.9.99999.1.2.1.1.2
cMpsInterface: 1.3.6.1.4.1.9.9.99999.1.3
cMpsInterfaceMappingTable: 1.3.6.1.4.1.9.9.99999.1.3.1
cMpsInterfaceMappingEntry: 1.3.6.1.4.1.9.9.99999.1.3.1.1
cMpsInterfaceMappingIndex: 1.3.6.1.4.1.9.9.99999.1.3.1.1.1
cMpsInterfaceMappingRowStatus: 1.3.6.1.4.1.9.9.99999.1.3.1.1.2
ciscoMpoaExtMIBNotificationPrefix: 1.3.6.1.4.1.9.9.99999.2
ciscoMpoaExtMIBNotifications: 1.3.6.1.4.1.9.9.99999.2.0
ciscoMpoaExtMIBConformance: 1.3.6.1.4.1.9.9.99999.3
ciscoMpoaExtMIBCompliances: 1.3.6.1.4.1.9.9.99999.3.1
ciscoMpoaExtMIBGroups: 1.3.6.1.4.1.9.9.99999.3.2

