---
ciscoVoiceUriClassMIB: 1.3.6.1.4.1.9.10.99999999
cvUriClassMIBNotifications: 1.3.6.1.4.1.9.10.99999999.0
cvUriClassMIBObjects: 1.3.6.1.4.1.9.10.99999999.1
cvUriClass: 1.3.6.1.4.1.9.10.99999999.1.1
cvUriClassCfgTable: 1.3.6.1.4.1.9.10.99999999.1.1.1
cvUriClassCfgEntry: 1.3.6.1.4.1.9.10.99999999.1.1.1.1
cvUriClassCfgTag: 1.3.6.1.4.1.9.10.99999999.1.1.1.1.1
cvUriClassCfgType: 1.3.6.1.4.1.9.10.99999999.1.1.1.1.2
cvUriClassCfgStatus: 1.3.6.1.4.1.9.10.99999999.1.1.1.1.3
cvSIPUriClassCfgTable: 1.3.6.1.4.1.9.10.99999999.1.1.2
cvSIPUriClassCfgEntry: 1.3.6.1.4.1.9.10.99999999.1.1.2.1
cvSIPUriClassCfgUserIDPattern: 1.3.6.1.4.1.9.10.99999999.1.1.2.1.1
cvSIPUriClassCfgHostPattern: 1.3.6.1.4.1.9.10.99999999.1.1.2.1.2
cvSIPUriClassCfgPhoneCtxtPattern: 1.3.6.1.4.1.9.10.99999999.1.1.2.1.3
cvTELUriClassCfgTable: 1.3.6.1.4.1.9.10.99999999.1.1.3
cvTELUriClassCfgEntry: 1.3.6.1.4.1.9.10.99999999.1.1.3.1
cvTELUriClassCfgPhoneNumPattern: 1.3.6.1.4.1.9.10.99999999.1.1.3.1.1
cvTELUriClassCfgPhoneCtxtPattern: 1.3.6.1.4.1.9.10.99999999.1.1.3.1.2
cvCommonUriClassCfgTable: 1.3.6.1.4.1.9.10.99999999.1.1.4
cvCommonUriClassCfgEntry: 1.3.6.1.4.1.9.10.99999999.1.1.4.1
cvCommonUriClassCfgURIPattern: 1.3.6.1.4.1.9.10.99999999.1.1.4.1.1
cvUriClassSIPGeneralConfig: 1.3.6.1.4.1.9.10.99999999.1.2
cvUriClassSIPHostPreference: 1.3.6.1.4.1.9.10.99999999.1.2.1
cvUriClassSIPUserIDPreference: 1.3.6.1.4.1.9.10.99999999.1.2.2
cvUriClassMIBConformance: 1.3.6.1.4.1.9.10.99999999.2
cvUriClassMIBCompliances: 1.3.6.1.4.1.9.10.99999999.2.1
cvUriClassMIBGroups: 1.3.6.1.4.1.9.10.99999999.2.2

