---
ciscoWanAtmCugMIB: 1.3.6.1.4.1.9.9.99999
cwaCugMIBNotifications: 1.3.6.1.4.1.9.9.99999.0
cwaCugMIBObjects: 1.3.6.1.4.1.9.9.99999.1
cwaCug: 1.3.6.1.4.1.9.9.99999.1.1
cwaCugTable: 1.3.6.1.4.1.9.9.99999.1.1.1
cwaCugEntry: 1.3.6.1.4.1.9.9.99999.1.1.1.1
cwaAtmAddress: 1.3.6.1.4.1.9.9.99999.1.1.1.1.1
cwaAddressLength: 1.3.6.1.4.1.9.9.99999.1.1.1.1.2
cwaCugIndex: 1.3.6.1.4.1.9.9.99999.1.1.1.1.3
cwaAddressPlan: 1.3.6.1.4.1.9.9.99999.1.1.1.1.4
cwaInterlockCode: 1.3.6.1.4.1.9.9.99999.1.1.1.1.5
cwaCallsBarred: 1.3.6.1.4.1.9.9.99999.1.1.1.1.6
cwaCugRowStatus: 1.3.6.1.4.1.9.9.99999.1.1.1.1.7
cwaAddressCug: 1.3.6.1.4.1.9.9.99999.1.2
cwaAddressCugTable: 1.3.6.1.4.1.9.9.99999.1.2.1
cwaAddressCugEntry: 1.3.6.1.4.1.9.9.99999.1.2.1.1
cwaCugAtmAddressPlan: 1.3.6.1.4.1.9.9.99999.1.2.1.1.1
cwaIncomingAccess: 1.3.6.1.4.1.9.9.99999.1.2.1.1.2
cwaOutgoingAccess: 1.3.6.1.4.1.9.9.99999.1.2.1.1.3
cwaPreferentialCug: 1.3.6.1.4.1.9.9.99999.1.2.1.1.4
ciscoWanAtmCugMIBConformance: 1.3.6.1.4.1.9.9.99999.3
ciscoWanAtmCugMIBCompliances: 1.3.6.1.4.1.9.9.99999.3.1
ciscoWanAtmCugMIBGroups: 1.3.6.1.4.1.9.9.99999.3.2

