---
ciscoNtpCapability: 1.3.6.1.4.1.9.7.99999
ciscoNtpCapabilityV3R00: 1.3.6.1.4.1.9.7.99999.1
ciscoNtpCapabilitySANOSV3R0001: 1.3.6.1.4.1.9.7.99999.2
ciscoNtpCapabilityIOS124: 1.3.6.1.4.1.9.7.99999.3

